4.141467799999999644e-03 3.023367161123143187e+00
4.321083830000000021e-03 2.926590897539905978e+00
4.500700160000000068e-03 2.829150314537286270e+00
4.680316490000000114e-03 2.731587244145764259e+00
4.859932810000000200e-03 2.634443518395818806e+00
5.039548849999999670e-03 2.538260969317838622e+00
5.219164890000000008e-03 2.457627116807982404e+00
5.398780920000000386e-03 2.349976953976557592e+00
5.578397540000000140e-03 2.257372830330084401e+00
5.758013580000000478e-03 2.171739154034203256e+00
5.937630190000000273e-03 2.099155331342831055e+00
6.117246229999999743e-03 2.029668455578853781e+00
6.296862270000000081e-03 1.964458827619001813e+00
6.476478880000000743e-03 1.900297725639531699e+00
6.656094920000000213e-03 1.840035548036641710e+00
6.835710959999999684e-03 1.783156988895679307e+00
7.015326989999999194e-03 1.729246603004286564e+00
7.194943609999999816e-03 1.677376148287936797e+00
7.374559649999999286e-03 1.626243217705979349e+00
7.554175679999999664e-03 1.576637568453680194e+00
7.733792300000000286e-03 1.530457961226409092e+00
7.913407750000000379e-03 1.485631238791331299e+00
8.093024949999999551e-03 1.443477031039638980e+00
8.272640410000000472e-03 1.402185179411367111e+00
8.452257030000000226e-03 1.363156590476289010e+00
8.631873059999999737e-03 1.325322627816971854e+00
8.811489679999999491e-03 1.289476682684654429e+00
8.991105710000000736e-03 1.254955146233497576e+00
9.170721169999999922e-03 1.220937681873705216e+00
9.350338369999999094e-03 1.187470861199371397e+00
9.529953819999999187e-03 1.155827706220405870e+00
9.709570439999998942e-03 1.125368137032167315e+00
9.889187060000000432e-03 1.095329792456882778e+00
1.006880309999999903e-02 1.066162678549916532e+00
1.024841909999999953e-02 1.037937217929278289e+00
1.042803519999999963e-02 1.010557169563115032e+00
1.060765119999999839e-02 9.836058771334466044e-01
1.078726840000000103e-02 9.577717968411024740e-01
1.096688439999999980e-02 9.326399705355620240e-01
1.114650049999999989e-02 9.082758148442896529e-01
1.132611529999999998e-02 8.845160748568297038e-01
1.150573250000000089e-02 8.618031950072501113e-01
1.168534970000000006e-02 8.398597660602389325e-01
1.186496460000000149e-02 8.186338896809295385e-01
1.204458069999999985e-02 7.978244062818504734e-01
1.222419790000000075e-02 7.779875943662377669e-01
1.240381389999999952e-02 7.587970008687664469e-01
1.258342989999999828e-02 7.400882426251632618e-01
1.276304600000000011e-02 7.217795300585746476e-01
1.294266320000000102e-02 7.039893916003390206e-01
1.312227800000000111e-02 6.865425837045968649e-01
1.330189409999999947e-02 6.697106388945053279e-01
1.348151009999999997e-02 6.531084690790037728e-01
1.366112729999999914e-02 6.371444272684574361e-01
1.384074330000000137e-02 6.217787326855881425e-01
1.402035939999999974e-02 6.065211258366151048e-01
1.419997539999999850e-02 5.914218008092619883e-01
1.437959140000000073e-02 5.770121220386081884e-01
1.455920629999999868e-02 5.635735232328143995e-01
1.473882470000000000e-02 5.505318247660334618e-01
1.491844069999999876e-02 5.375831285750642952e-01
1.509805560000000019e-02 5.248125737911634170e-01
1.527767160000000068e-02 5.123936243004671987e-01
1.545728879999999986e-02 5.005554544330390598e-01
1.563690489999999822e-02 4.887466323461246986e-01
1.581652090000000219e-02 4.769625130777968014e-01
1.599613810000000136e-02 4.656197926294201039e-01
1.617575300000000105e-02 4.545555268923895387e-01
1.635536900000000154e-02 4.438825045340624720e-01
1.653498390000000123e-02 4.332097923848566290e-01
1.671460110000000041e-02 4.228720057764537299e-01
1.689421829999999958e-02 4.130260027609317652e-01
1.707383430000000007e-02 4.034391793448637298e-01
1.725344919999999976e-02 3.940895241413551742e-01
1.743306640000000240e-02 3.845663604145378445e-01
1.761268239999999943e-02 3.752950727796407482e-01
1.779229729999999912e-02 3.663233252947589169e-01
1.797191449999999829e-02 3.577390032622483895e-01
1.815153170000000094e-02 3.493086571899966519e-01
1.833114770000000143e-02 3.407849693834947846e-01
1.851076260000000112e-02 3.326875592051151131e-01
1.869037980000000029e-02 3.248463698712595327e-01
1.886999469999999998e-02 3.167774038144795523e-01
1.904961070000000048e-02 3.094608798160472518e-01
1.922922789999999965e-02 3.024019575780051983e-01
1.940884279999999934e-02 2.954977825959546611e-01
1.958845879999999984e-02 2.889449377410656661e-01
1.976807599999999901e-02 2.826833052138134073e-01
1.994769319999999818e-02 2.764581962550716199e-01
2.012730810000000134e-02 2.705280455510571946e-01
2.030692529999999704e-02 2.647562918347564631e-01
2.048654020000000020e-02 2.587723824649013071e-01
2.066615739999999937e-02 2.527231562477410542e-01
2.084577220000000120e-02 2.475320332904654697e-01
2.102538710000000088e-02 2.420803885211765261e-01
2.120500430000000006e-02 2.371651820663784327e-01
2.138462149999999923e-02 2.322934929717785923e-01
2.156423870000000187e-02 2.272484111209849278e-01
2.174385359999999809e-02 2.225429458766732260e-01
2.192347080000000073e-02 2.178433186490972839e-01
2.210308560000000255e-02 2.132835068839543935e-01
2.228270049999999877e-02 2.091245494010948169e-01
2.246231769999999794e-02 2.049166314447798398e-01
2.264193260000000110e-02 2.007923996528394872e-01
2.282154980000000027e-02 1.966344622711023171e-01
2.300116469999999996e-02 1.926372993740451123e-01
2.318078189999999913e-02 1.888707483487140626e-01
2.336039910000000178e-02 1.851616232644286153e-01
2.354001389999999666e-02 1.812736466666939050e-01
2.371962879999999982e-02 1.774112969223316238e-01
2.389924599999999899e-02 1.736836511833793895e-01
2.407886320000000163e-02 1.699069264885165464e-01
2.425847809999999785e-02 1.662777273151927748e-01
2.443809530000000049e-02 1.629127900459038103e-01
2.461771020000000018e-02 1.595756950034324662e-01
2.479732740000000282e-02 1.562626802998225428e-01
2.497694219999999771e-02 1.529481208706083839e-01
2.515655710000000087e-02 1.497561326236168666e-01
2.533617430000000004e-02 1.466140154451358590e-01
2.551578919999999973e-02 1.435777325701030893e-01
2.569540639999999890e-02 1.404113583449186631e-01
2.587502360000000154e-02 1.372329512039034971e-01
2.605463839999999642e-02 1.342633855952475308e-01
2.623425559999999906e-02 1.318868826681063311e-01
2.641387049999999875e-02 1.290514894302916826e-01
2.659348540000000191e-02 1.263858625404141456e-01
2.677310259999999761e-02 1.236963308020028879e-01
2.695271750000000077e-02 1.210481794440951969e-01
2.713233469999999994e-02 1.187399273612759903e-01
2.731195190000000259e-02 1.163358439203973221e-01
2.749156669999999747e-02 1.142082225365668585e-01
2.767118390000000011e-02 1.121460085535555262e-01
2.785079879999999980e-02 1.100076734845496229e-01
2.803041369999999949e-02 1.079571790662313679e-01
2.821003089999999866e-02 1.058925500414968773e-01
2.838964570000000048e-02 1.039174152411480867e-01
2.856926289999999619e-02 1.020467611152152954e-01
2.874887779999999934e-02 1.000912680740838057e-01
2.892849499999999852e-02 9.823009551461880928e-02
2.910811220000000116e-02 9.630710252362383039e-02
2.928772709999999738e-02 9.423910370983584750e-02
2.946734200000000053e-02 9.228364954975906698e-02
2.964695680000000236e-02 9.060907890754051064e-02
2.982657399999999806e-02 8.906351187492352051e-02
3.000619119999999723e-02 8.756447123895430562e-02
3.018580610000000039e-02 8.604554441266756837e-02
3.036542329999999956e-02 8.452532145748006820e-02
3.054503819999999925e-02 8.312526475234813250e-02
3.072465539999999842e-02 8.164976283373152899e-02
3.090427020000000025e-02 8.017781408082937100e-02
3.108388509999999993e-02 7.870247705899707791e-02
3.126349999999999962e-02 7.720456785713648851e-02
3.144311949999999828e-02 7.576004233800923138e-02
3.162273440000000491e-02 7.447851789222102725e-02
3.180234929999999766e-02 7.317614108822673158e-02
3.198196879999999631e-02 7.186059276416974229e-02
3.216158370000000294e-02 7.063225857331126289e-02
3.234119850000000129e-02 6.938127048271569564e-02
3.252081340000000098e-02 6.823203265916431837e-02
3.270043059999999668e-02 6.713591227224960378e-02
3.288004550000000331e-02 6.607905247907541746e-02
3.305966030000000166e-02 6.503546566014027641e-02
3.323927520000000135e-02 6.404576053523383661e-02
3.341889470000000001e-02 6.300502975248030435e-02
3.359850959999999970e-02 6.192794075915442759e-02
3.377812449999999939e-02 6.088480381284543802e-02
3.395774170000000203e-02 5.988620318534522424e-02
3.413735660000000172e-02 5.887236631503481310e-02
3.431697140000000007e-02 5.794389063399025402e-02
3.449658629999999976e-02 5.692824227185559055e-02
3.467620579999999841e-02 5.587446909168573839e-02
3.485582069999999810e-02 5.503384075842154138e-02
3.503543559999999779e-02 5.423644946527766963e-02
3.521505510000000339e-02 5.335622951812935000e-02
3.539467000000000307e-02 5.252056458602300665e-02
3.557428480000000143e-02 5.163505850370935651e-02
3.575389970000000112e-02 5.067805188919831394e-02
3.593351460000000080e-02 4.979962971902441443e-02
3.611313179999999651e-02 4.882762236049983245e-02
3.629274670000000313e-02 4.792072539441633028e-02
3.647236150000000149e-02 4.705042116237571903e-02
3.665197640000000118e-02 4.620055817232619072e-02
3.683159589999999983e-02 4.545283621951501374e-02
3.701121079999999952e-02 4.470082294602935324e-02
3.719082569999999921e-02 4.389847373837946903e-02
3.737044289999999491e-02 4.317175191686063729e-02
3.755005780000000154e-02 4.248079820711750387e-02
3.772967259999999989e-02 4.175025259401206335e-02
3.790928749999999958e-02 4.110467126963145840e-02
3.808890699999999824e-02 4.047090783398076680e-02
3.826852189999999793e-02 3.983296389370876572e-02
3.844813680000000455e-02 3.918002724574135009e-02
3.862775159999999597e-02 3.845022512959211936e-02
3.880737119999999596e-02 3.774077600550982542e-02
3.898698600000000125e-02 3.712271061651702814e-02
3.916659860000000493e-02 3.652024437429336745e-02
3.934621349999999768e-02 3.594124014157521613e-02
3.952582829999999603e-02 3.534144346042446955e-02
3.970544789999999602e-02 3.484502723428938020e-02
3.988506270000000131e-02 3.422575704370896255e-02
4.006467760000000100e-02 3.350978349281405477e-02
4.024429250000000069e-02 3.294700009331463092e-02
4.042391200000000628e-02 3.243581244010906861e-02
4.060352690000000597e-02 3.193264102159356493e-02
4.078314169999999739e-02 3.148031009630791049e-02
4.096275659999999708e-02 3.097283969715735469e-02
4.114237610000000267e-02 3.039885816014655656e-02
4.132199100000000236e-02 2.984998476712907856e-02
4.150160590000000205e-02 2.930529029566079913e-02
4.168122080000000174e-02 2.885136136521790351e-02
4.186084030000000733e-02 2.838222310014056060e-02
4.204045519999999314e-02 2.790165590872587323e-02
4.222006999999999843e-02 2.743262462884420161e-02
4.239968489999999812e-02 2.696350790123779040e-02
4.257929979999999781e-02 2.655118263738402706e-02
4.275891460000000310e-02 2.612675835451418876e-02
4.293852949999999585e-02 2.563968477917797154e-02
4.311814439999999554e-02 2.515415912802013848e-02
4.329775930000000217e-02 2.469006340937823091e-02
4.347737880000000082e-02 2.426242427312078759e-02
4.365699370000000051e-02 2.379482724200542021e-02
4.383660849999999887e-02 2.328224383651449070e-02
4.401622340000000549e-02 2.276058987357083147e-02
4.419583829999999824e-02 2.236854616818102423e-02
4.437545309999999660e-02 2.193863219540320014e-02
4.455507269999999659e-02 2.146768583583198026e-02
4.473468750000000188e-02 2.104999902611917953e-02
4.491430240000000157e-02 2.060829371886365932e-02
4.509391730000000126e-02 2.015013915959580279e-02
4.527353219999999401e-02 1.966959797793437631e-02
4.545315169999999960e-02 1.923922352453667772e-02
4.563276659999999929e-02 1.898583230579363804e-02
4.581238139999999764e-02 1.874530089289042079e-02
4.599199630000000427e-02 1.839573141009136562e-02
4.617161120000000396e-02 1.799595507125530125e-02
4.635123070000000262e-02 1.760052340782625180e-02
4.653084560000000230e-02 1.722306694866962765e-02
4.671046040000000066e-02 1.688012181249307769e-02
4.689007530000000035e-02 1.659619588299061227e-02
4.706969020000000004e-02 1.634013023207546086e-02
4.724930509999999972e-02 1.605302460631958389e-02
4.742891990000000502e-02 1.576407666304423597e-02
4.760853479999999777e-02 1.545305346423395294e-02
4.778814969999999746e-02 1.512446340890733799e-02
4.796776449999999581e-02 1.480573284236118628e-02
4.814737940000000244e-02 1.446745429067093983e-02
4.832699890000000109e-02 1.416088691388006984e-02
4.850661380000000078e-02 1.386622577816514629e-02
4.868622870000000047e-02 1.357334523473103724e-02
4.886584360000000016e-02 1.327380274256803952e-02
4.904545839999999851e-02 1.296065691379365455e-02
4.922507799999999850e-02 1.269629022283451543e-02
4.940469279999999686e-02 1.246585595059112282e-02
4.958430770000000348e-02 1.222719871363542321e-02
4.976392260000000317e-02 1.190931643314751577e-02
4.994353749999999592e-02 1.165237485999301090e-02
5.012315230000000121e-02 1.141210443110739041e-02
5.030276720000000090e-02 1.119806798264698713e-02
5.048238669999999956e-02 1.089487984317081236e-02
5.066200159999999925e-02 1.063983168088343360e-02
5.084161650000000587e-02 1.038085086928570641e-02
5.102123130000000423e-02 1.021405765465025622e-02
5.120084619999999698e-02 1.003836712395808108e-02
5.138046109999999667e-02 9.785793880593746455e-03
5.156008060000000226e-02 9.641902363293720565e-03
5.173969550000000195e-02 9.507559522248118511e-03
5.191931040000000164e-02 9.352465471880037559e-03
5.209892520000000693e-02 9.207628723686090907e-03
5.227854009999999274e-02 9.092474060540174999e-03
5.245815499999999937e-02 8.953930352883188518e-03
5.263776979999999772e-02 8.807711378730093479e-03
5.281738469999999741e-02 8.672644514140150779e-03
5.299699960000000404e-02 8.514386652701688360e-03
5.317661450000000373e-02 8.331925827124790976e-03
5.335622929999999514e-02 8.145563278212876110e-03
5.353584420000000177e-02 7.988165375560945386e-03
5.371545910000000146e-02 7.793145017180934213e-03
5.389507860000000011e-02 7.583139083740250003e-03
5.407469349999999980e-02 7.350428261330510180e-03
5.425430830000000509e-02 7.142734101721861378e-03
5.443392319999999784e-02 6.998236815492722522e-03
5.461353809999999753e-02 6.829144678422245998e-03
5.479315299999999722e-02 6.567801580477570372e-03
5.497276780000000251e-02 6.300269058445523429e-03
5.515238270000000220e-02 6.050526066375049201e-03
5.533199760000000189e-02 5.827399195482146563e-03
5.551161710000000749e-02 5.633140739971991690e-03
5.569123199999999330e-02 5.456779064703516993e-03
5.587084679999999859e-02 5.236242774393077767e-03
5.605046169999999828e-02 5.073890221006493659e-03
5.623007659999999797e-02 4.945289208041082039e-03
5.640969150000000459e-02 4.777951823155861949e-03
5.658930629999999601e-02 4.608129806894870235e-03
5.676892119999999570e-02 4.413370487289760419e-03
5.694853610000000232e-02 4.288196756174383721e-03
5.712815560000000098e-02 4.165574053569980062e-03
5.730777050000000067e-02 4.027473230424065409e-03
5.748738529999999902e-02 3.877281408802065767e-03
5.766700020000000565e-02 3.785445736666868261e-03
5.784661509999999840e-02 3.689027309804196290e-03
5.802622999999999809e-02 3.708219462611355485e-03
5.820584480000000338e-02 3.753465384727341231e-03
5.838545970000000307e-02 3.705028170804802561e-03
5.856507460000000276e-02 3.630081418202419589e-03
5.874468939999999417e-02 3.599385027473832321e-03
5.892430429999999386e-02 3.574657537812594120e-03
5.910391920000000049e-02 3.541821837393442467e-03
5.928353869999999914e-02 3.501445663990672939e-03
5.946315359999999883e-02 3.353570563635738938e-03
5.964276849999999852e-02 3.336472294377978206e-03
5.982238330000000381e-02 3.262609778960344660e-03
6.000199819999999656e-02 3.155096676881270681e-03
6.018161309999999625e-02 3.006968823238339531e-03
6.036122800000000288e-02 2.841600305468601050e-03
6.054084280000000123e-02 2.854400348180199509e-03
6.072045770000000092e-02 2.940743899246532709e-03
6.090007260000000755e-02 3.021712650335618873e-03
6.107968739999999896e-02 3.079897413255528165e-03
6.125930229999999865e-02 3.080382707917778649e-03
6.143891719999999834e-02 3.063408056770544965e-03
6.161853209999999803e-02 3.038562202596210935e-03
6.179814690000000332e-02 3.013722942501156476e-03
6.197776179999999607e-02 3.042034871104148767e-03
6.215737669999999576e-02 3.002546465490336849e-03
6.233699150000000105e-02 3.002069544293148318e-03
6.251660640000000768e-02 3.013236217266897048e-03
6.269622130000000737e-02 2.921269580689086435e-03
6.287583620000000706e-02 2.838965135904884286e-03
6.305545569999999878e-02 2.795070060570676272e-03
6.323506589999999816e-02 2.773998787508385501e-03
6.341468540000000376e-02 2.827832115389262123e-03
6.359429560000000314e-02 2.745334088524970656e-03
6.377391520000000313e-02 2.537558318240925020e-03
6.395352540000000252e-02 2.386192998302615140e-03
6.413314489999999424e-02 2.280048250588896652e-03
6.431275509999999362e-02 2.102529098130514681e-03
6.449237469999999361e-02 1.922052570342675914e-03
6.467198490000000688e-02 1.728961836795660754e-03
6.485160439999999860e-02 1.506257744129625535e-03
6.503121459999999798e-02 1.417161012964748747e-03
6.521083410000000358e-02 1.192465676257253296e-03
6.539044439999999736e-02 1.008814564877039263e-03
6.557006390000000295e-02 8.553827028818983182e-04
6.574967410000000234e-02 7.760906891393590809e-04
6.592929360000000794e-02 8.617950414267463088e-04
6.610890379999999344e-02 8.545179267846189424e-04
6.628852339999999344e-02 7.785284740072427557e-04
6.646813360000000670e-02 7.880107344202769929e-04
6.664775309999999842e-02 7.933412560842975723e-04
6.682736329999999780e-02 8.381299997800184965e-04
6.700698289999999779e-02 8.694875443596009664e-04
6.718659309999999718e-02 9.257740416280791067e-04
6.736621260000000277e-02 9.895972976564719990e-04
6.754582280000000216e-02 1.030160504202724077e-03
6.772544229999999388e-02 1.030506372681639932e-03
6.790505260000000154e-02 1.002079123393037445e-03
6.808467210000000713e-02 9.614349737765558613e-04
6.826428229999999264e-02 9.670741122006633154e-04
6.844390179999999824e-02 9.741378063602001026e-04
6.862351210000000590e-02 1.011121347481975510e-03
6.880313159999999761e-02 1.009925147043397265e-03
6.898274179999999700e-02 9.237288586214668570e-04
6.916236130000000260e-02 8.394980402783207632e-04
6.934197150000000198e-02 8.588688447380128741e-04
6.952159110000000197e-02 8.398273644710803993e-04
6.970120130000000136e-02 8.213006228452746646e-04
6.988082080000000695e-02 7.817633556964744337e-04
7.006043099999999246e-02 7.728110023113599633e-04
7.024005059999999245e-02 7.682425995263665207e-04
7.041966080000000572e-02 7.853767338900326852e-04
7.059928029999999743e-02 7.508335827690307447e-04
7.077889049999999682e-02 7.291227585736832686e-04
7.095850540000001039e-02 6.804933076054980445e-04
7.113812029999999620e-02 6.357138079845267142e-04
7.131773510000000149e-02 6.210648651435728314e-04
7.149735000000000118e-02 5.896279905438569103e-04
7.167696490000000087e-02 5.622335449591174192e-04
7.185657970000000616e-02 6.220198765080180983e-04
7.203619460000000585e-02 6.328880360083918681e-04
7.221580949999999166e-02 6.400015227937894471e-04
7.239542439999999135e-02 6.466276705904725700e-04
7.257503919999999664e-02 6.841841953695691628e-04
7.275465409999999633e-02 6.869169267077832996e-04
7.293426899999999602e-02 6.331648619761539448e-04
7.311388380000000131e-02 5.870021585130045768e-04
7.329349870000000100e-02 5.967450955874708607e-04
7.347311360000000069e-02 6.538768714001395041e-04
7.365272850000000038e-02 7.309469519317577085e-04
7.383234330000000567e-02 7.526286992525276030e-04
7.401195349999999118e-02 7.504824975378538137e-04
7.419157309999999117e-02 7.170752967772928057e-04
7.437118330000000443e-02 6.974800438547836250e-04
7.455080279999999615e-02 6.777101467810911755e-04
7.473041299999999554e-02 7.119872321552177643e-04
7.491003260000000941e-02 7.231684529430372965e-04
7.508964279999999492e-02 7.327796937211742811e-04
7.526926230000000051e-02 7.042498527227427849e-04
7.544887249999999990e-02 7.598566012087352994e-04
7.562849200000000549e-02 8.019875048925238304e-04
7.580810229999999927e-02 7.837664894516305691e-04
7.598771249999999866e-02 7.493436512981785542e-04
7.616733200000000426e-02 7.264712223913635889e-04
7.634694220000000364e-02 6.873076990331285392e-04
7.652656180000000363e-02 6.785418593572010212e-04
7.670617200000000302e-02 6.596838144026309376e-04
7.688579150000000861e-02 6.360148650575261128e-04
7.706540169999999412e-02 6.158694023489869268e-04
7.724502119999999972e-02 6.325492157599228856e-04
7.742463150000000738e-02 6.430000074156764882e-04
7.760424170000000677e-02 6.261567374211122377e-04
7.778386119999999848e-02 6.313104366812748516e-04
7.796347139999999787e-02 6.189387418556861233e-04
7.814309559999998989e-02 6.292268153017623912e-04
7.832270119999999725e-02 6.348395597859617231e-04
7.850232529999999487e-02 6.817350536122065161e-04
7.868193090000000223e-02 7.193600919688387376e-04
7.886155509999999424e-02 7.989245725932925604e-04
7.904116060000000721e-02 8.338056966607146478e-04
7.922077550000000690e-02 8.146139909144972137e-04
7.940039039999999271e-02 8.050681653471854172e-04
7.958000530000000627e-02 8.195604154606189176e-04
7.975962010000001157e-02 8.197200157253828204e-04
7.993923499999999738e-02 8.160099022854698904e-04
8.011884060000000474e-02 8.396318732268686063e-04
8.029846469999998848e-02 8.264762980500564571e-04
8.047807029999999584e-02 8.534824753704166669e-04
8.065769449999998786e-02 9.126168407200707005e-04
8.083730000000000082e-02 9.692464262663574946e-04
8.101692420000000672e-02 9.465023915530149448e-04
8.119652980000000020e-02 9.138675097107419945e-04
8.137614469999999989e-02 9.364162671200090826e-04
8.155575950000000518e-02 9.834328072601883960e-04
8.173537440000000487e-02 1.018376361027883460e-03
8.191498930000000456e-02 9.706631019499096418e-04
8.209460409999999597e-02 9.897419489106734896e-04
8.227421900000000954e-02 1.060106950058967157e-03
8.245383389999999535e-02 1.098081242191132918e-03
8.263344880000000892e-02 1.158139595636878665e-03
8.281306360000001421e-02 1.198946453560630673e-03
8.299267850000000002e-02 1.251982712436551601e-03
8.317229339999998583e-02 1.308750899247754186e-03
8.335190829999999940e-02 1.347287583089647493e-03
8.353151379999999848e-02 1.420605912128071772e-03
8.371113799999999050e-02 1.495190530110625075e-03
8.389074359999999786e-02 1.538393785287487043e-03
8.407035840000000315e-02 1.579614687932444535e-03
8.424997330000000284e-02 1.652072305497969242e-03
8.442958820000000253e-02 1.700888746611123846e-03
8.460920300000000782e-02 1.742791984866911593e-03
8.478881790000000751e-02 1.744810777665020338e-03
8.496842350000000099e-02 1.730497771021022530e-03
8.514804770000000689e-02 1.689668706456861616e-03
8.532765319999999210e-02 1.723814051623106126e-03
8.550727739999999799e-02 1.732846654704306953e-03
8.568688300000000535e-02 1.725030256036190956e-03
8.586649779999999677e-02 1.738107471217199829e-03
8.604611269999999645e-02 1.739090503257699179e-03
8.622572760000001002e-02 1.680481890335363323e-03
8.640534240000000143e-02 1.622527898135749710e-03
8.658495730000000112e-02 1.609074340701934815e-03
8.676457220000000081e-02 1.616921351428398431e-03
8.694418710000000050e-02 1.575724114626144865e-03
8.712380190000000579e-02 1.500721640772623329e-03
8.730340749999998540e-02 1.418986231121448054e-03
8.748303170000000517e-02 1.463952871259225925e-03
8.766263720000000426e-02 1.479026440386285420e-03
8.784225209999999007e-02 1.449196323959196092e-03
8.802186700000000363e-02 1.467123872047728164e-03
8.820148179999999505e-02 1.526454502575332267e-03
8.838109669999999474e-02 1.604619482910297741e-03
8.856071159999999443e-02 1.635778221912976334e-03
8.874031720000000178e-02 1.674122887735353653e-03
8.891994129999999941e-02 1.731122529419798668e-03
8.909954689999999289e-02 1.817583237963885144e-03
8.927916180000000645e-02 1.872741038723565619e-03
8.945877660000001175e-02 1.929392511233675878e-03
8.963839149999999756e-02 1.989287167365487094e-03
8.981800640000001112e-02 2.029772600383738385e-03
8.999762129999999694e-02 2.049301143590785863e-03
9.017723610000000223e-02 2.044475326059437721e-03
9.035685099999998804e-02 2.043896406353451229e-03
9.053646590000000161e-02 2.003758320519445635e-03
9.071607140000000069e-02 2.000453328129668962e-03
9.089569559999999271e-02 1.930368840319831962e-03
9.107530120000000007e-02 1.940167550648732578e-03
9.125491600000000536e-02 1.999899395333986762e-03
9.143453090000000505e-02 2.063122277161014758e-03
9.161414580000000474e-02 2.095133776277456270e-03
9.179375130000000382e-02 2.151151725325436883e-03
9.197337550000000972e-02 2.127602729853701052e-03
9.215298110000000320e-02 2.099054062307236564e-03
9.233259600000000289e-02 2.042809650642611000e-03
9.251221079999999430e-02 1.999854296246566469e-03
9.269182569999999399e-02 2.012473331145190562e-03
9.287144060000000756e-02 2.038827751006905102e-03
9.305105539999999897e-02 2.051371540716429714e-03
9.323067029999999866e-02 2.087998268248282292e-03
9.341027590000000602e-02 2.158407505725527635e-03
9.358990009999999804e-02 2.218315353120863496e-03
9.376950559999999713e-02 2.284618926876802285e-03
9.394912050000001069e-02 2.350289061100937875e-03
9.412873539999999650e-02 2.394991708588295638e-03
9.430835020000000180e-02 2.447953646319359251e-03
9.448795580000000915e-02 2.511506493916433949e-03
9.466758000000000117e-02 2.504249714040056307e-03
9.484718550000000026e-02 2.465579419859908420e-03
9.502680039999999995e-02 2.522533654557802905e-03
9.520641529999999964e-02 2.569162081334269883e-03
9.538603019999999932e-02 2.585379455943178240e-03
9.556564500000000462e-02 2.605356278500311866e-03
9.574525990000000431e-02 2.614363939220050014e-03
9.592487480000000399e-02 2.624921657016339015e-03
9.610448029999998920e-02 2.684503210967949683e-03
9.628409520000000277e-02 2.728034311730664126e-03
9.646371010000000246e-02 2.845810292875113751e-03
9.664332489999999387e-02 2.929775740424155062e-03
9.682293050000000123e-02 2.901261992488824229e-03
9.700255470000000713e-02 2.938095652294920711e-03
9.718216020000000621e-02 2.931872128829200643e-03
9.736177509999999202e-02 2.884400809760236800e-03
9.754139000000000559e-02 2.950775163101825981e-03
9.772100489999999140e-02 3.001661027341889255e-03
9.790061969999999669e-02 3.063997219853263360e-03
9.808022530000000405e-02 3.154848905952461081e-03
9.825984949999999607e-02 3.209630712607834061e-03
9.843945499999999516e-02 3.303333445885715380e-03
9.861906990000000872e-02 3.407234049873981117e-03
9.879868479999999453e-02 3.469830778440568218e-03
9.897829959999999982e-02 3.512651591263905339e-03
9.915790520000000718e-02 3.556331323435509527e-03
9.933752939999999920e-02 3.598648881413058723e-03
9.951713489999999829e-02 3.562125068399105143e-03
9.969674980000001185e-02 3.567772648488597761e-03
9.987636469999999767e-02 3.587625005188971317e-03
1.000559699999999941e-01 3.576382740010996403e-03
1.002355939999999973e-01 3.595052384256621804e-03
1.004151999999999961e-01 3.637344503065397753e-03
1.005948150000000041e-01 3.644371810364922283e-03
1.007744299999999982e-01 3.598705812109286722e-03
1.009540450000000061e-01 3.554145052576979536e-03
1.011336499999999916e-01 3.480336068062875321e-03
1.013132739999999948e-01 3.399065937206371263e-03
1.014928799999999937e-01 3.342219908949218849e-03
1.016724950000000016e-01 3.266711735623808663e-03
1.018521099999999957e-01 3.248978014092815912e-03
1.020317249999999898e-01 3.206818203489622023e-03
1.022113300000000030e-01 3.154870960951450080e-03
1.023909540000000062e-01 3.199740997243287911e-03
1.025705690000000003e-01 3.200313671838797905e-03
1.027501649999999905e-01 3.228392379747078468e-03
1.029297799999999985e-01 3.290907507693785483e-03
1.031093949999999926e-01 3.304698032276654450e-03
1.032890100000000005e-01 3.323215684391630630e-03
1.034686249999999946e-01 3.345116022770636480e-03
1.036482400000000026e-01 3.368017915562120969e-03
1.038278549999999967e-01 3.383990329984711345e-03
1.040074600000000099e-01 3.345206396815534299e-03
1.041870840000000131e-01 3.296303325684481547e-03
1.043666900000000120e-01 3.315277706100599586e-03
1.045463049999999922e-01 3.369182914058429720e-03
1.047259100000000054e-01 3.448457809877013367e-03
1.049055349999999942e-01 3.392447821612782407e-03
1.050851399999999936e-01 3.418002133343998016e-03
1.052647550000000015e-01 3.578076315724414841e-03
1.054443700000000095e-01 3.690127501333674304e-03
1.056239850000000036e-01 3.764506540456433875e-03
1.058035899999999890e-01 3.814145591858495062e-03
1.059831960000000017e-01 3.892802920773953939e-03
1.061628199999999911e-01 3.921410267324160377e-03
1.063424259999999899e-01 3.897825335249127665e-03
1.065220399999999984e-01 3.912831065545416612e-03
1.067016550000000064e-01 3.986990737122418811e-03
1.068812700000000004e-01 3.933411221496472578e-03
1.070608850000000084e-01 3.902625370288565279e-03
1.072404910000000072e-01 4.030243222055170452e-03
1.074201150000000105e-01 4.103380861374614219e-03
1.075997199999999959e-01 4.194779877885379885e-03
1.077793350000000039e-01 4.276005345967085099e-03
1.079589410000000027e-01 4.302060948911263713e-03
1.081385649999999921e-01 4.293420838339416165e-03
1.083181710000000048e-01 4.266551062855040988e-03
1.084977850000000132e-01 4.216845334701032830e-03
1.086774000000000073e-01 4.168955580925122473e-03
1.088570150000000014e-01 4.125563692910663369e-03
1.090366210000000002e-01 4.069003796122313762e-03
1.092162259999999996e-01 4.008565553558356663e-03
1.093958500000000028e-01 3.971751791030296748e-03
1.095754560000000016e-01 3.966463289498796396e-03
1.097550710000000096e-01 3.955775675051937008e-03
1.099346860000000037e-01 3.921283604449248700e-03
1.101143009999999978e-01 3.887997966214847955e-03
1.102939149999999924e-01 3.828056504406275248e-03
1.104735209999999912e-01 3.953466703813693188e-03
1.106531359999999992e-01 4.083055559956878106e-03
1.108327509999999932e-01 4.041372467230112779e-03
1.110123660000000012e-01 3.953044914613571686e-03
1.111919710000000006e-01 3.894245118112410649e-03
1.113715769999999994e-01 3.882654101123332504e-03
1.115512010000000026e-01 3.798614545394748097e-03
1.117308070000000153e-01 3.718104365665758811e-03
1.119104209999999960e-01 3.683597991564738564e-03
1.120900269999999949e-01 3.639551360881152636e-03
1.122696509999999981e-01 3.609695967928883750e-03
1.124492569999999969e-01 3.694145341365526799e-03
1.126288720000000049e-01 3.822760972234164403e-03
1.128084860000000134e-01 3.857186921853942435e-03
1.129881010000000074e-01 3.921900754066500079e-03
1.131677160000000015e-01 3.951335551704784552e-03
1.133473220000000004e-01 3.908212884746043239e-03
1.135269369999999944e-01 3.901465928229206400e-03
1.137065510000000029e-01 3.914780225505978990e-03
1.138861659999999970e-01 3.911996391232038135e-03
1.140657720000000097e-01 3.915701305524686010e-03
1.142453769999999952e-01 3.928133970215757012e-03
1.144249919999999893e-01 3.938517383809647145e-03
1.146046069999999972e-01 3.934359631582931907e-03
1.147842219999999913e-01 3.904125112128488395e-03
1.149638279999999901e-01 3.882114030767886814e-03
1.151434429999999981e-01 3.879792274766268728e-03
1.153230570000000066e-01 3.870276513606899817e-03
1.155026720000000007e-01 3.881279960486261338e-03
1.156822870000000086e-01 3.875542229918964125e-03
1.158618930000000075e-01 3.854266071000974486e-03
1.160414979999999929e-01 3.785990718077527056e-03
1.162211219999999962e-01 3.746715475871541679e-03
1.164007370000000041e-01 3.700150016242157499e-03
1.165803430000000029e-01 3.703930316002496982e-03
1.167599480000000023e-01 3.708596153206461174e-03
1.169395730000000050e-01 3.687182303928476356e-03
1.171191780000000043e-01 3.683845107405571678e-03
1.172987929999999845e-01 3.693340369578187749e-03
1.174783989999999972e-01 3.719455188660499966e-03
1.176580130000000057e-01 3.762281127727138894e-03
1.178376279999999998e-01 3.728800531361986526e-03
1.180172429999999939e-01 3.753003900402333837e-03
1.181968580000000019e-01 3.793253378564937547e-03
1.183764640000000007e-01 3.796801696255805870e-03
1.185560689999999862e-01 3.759763883121516187e-03
1.187356929999999894e-01 3.734175748062866160e-03
1.189152990000000021e-01 3.746950119542287721e-03
1.190949139999999962e-01 3.747211456653724675e-03
1.192745189999999955e-01 3.741594948594264766e-03
1.194541340000000035e-01 3.775347958331850586e-03
1.196337490000000114e-01 3.782153164623690018e-03
1.198133640000000055e-01 3.788452434480601115e-03
1.199929700000000043e-01 3.805532985991875311e-03
1.201725839999999990e-01 3.839294021142041283e-03
1.203521989999999930e-01 3.869864050254185131e-03
1.205317959999999966e-01 3.870138810891762121e-03
1.207114289999999951e-01 3.840690472508711747e-03
1.208910250000000131e-01 3.831638436255298871e-03
1.210706400000000071e-01 3.792958012293827334e-03
1.212502550000000012e-01 3.764861547449051792e-03
1.214298610000000000e-01 3.763201019497287771e-03
1.216094849999999894e-01 3.798479034473017327e-03
1.217890900000000026e-01 3.772353607469781933e-03
1.219687049999999967e-01 3.789021788846562780e-03
1.221483110000000094e-01 3.772896986819058301e-03
1.223279159999999949e-01 3.775176222780732976e-03
1.225075309999999890e-01 3.780554917387872471e-03
1.226871549999999922e-01 3.803261269294029839e-03
1.228667609999999910e-01 3.766234169364816690e-03
1.230463660000000042e-01 3.748980163006237695e-03
1.232259809999999983e-01 3.763581531026258774e-03
1.234055960000000063e-01 3.751366563092191266e-03
1.235852020000000051e-01 3.733712042788319037e-03
1.237648260000000083e-01 3.695332958144776150e-03
1.239444320000000072e-01 3.687863313981059894e-03
1.241240459999999879e-01 3.718982127097652732e-03
1.243036520000000006e-01 3.729987973282302555e-03
1.244832579999999994e-01 3.764412561351872938e-03
1.246628720000000079e-01 3.799501707861630256e-03
1.248424780000000067e-01 3.831957040746652998e-03
1.250221019999999961e-01 3.827817740905920668e-03
1.252017170000000179e-01 3.843084234777899028e-03
1.253813229999999890e-01 3.847003149222231674e-03
1.255609279999999883e-01 3.862429715677888169e-03
1.257405430000000102e-01 3.856413843426396808e-03
1.259201490000000090e-01 3.833604333947178942e-03
1.260997630000000036e-01 3.773511582976910896e-03
1.262793879999999924e-01 3.749117248440052112e-03
1.264589929999999918e-01 3.754950005254694637e-03
1.266386079999999859e-01 3.760276048992686106e-03
1.268182139999999847e-01 3.720572311577882967e-03
1.269978190000000118e-01 3.734799273370783927e-03
1.271774340000000059e-01 3.767337444439141682e-03
1.273570400000000047e-01 3.782410944720767266e-03
1.275366539999999993e-01 3.740494509192909649e-03
1.277162790000000159e-01 3.710526479034653973e-03
1.278958749999999922e-01 3.677888928307079027e-03
1.280754989999999816e-01 3.648992382671019646e-03
1.282551050000000081e-01 3.582734421574855065e-03
1.284347010000000122e-01 3.536242299979649832e-03
1.286143250000000016e-01 3.505002071376152068e-03
1.287939399999999956e-01 3.447822515920091497e-03
1.289735459999999945e-01 3.471139165990876248e-03
1.291531599999999891e-01 3.506444075234479291e-03
1.293327659999999879e-01 3.539187940441779201e-03
1.295123900000000050e-01 3.577591172148724720e-03
1.296919860000000091e-01 3.580349428574046075e-03
1.298716109999999979e-01 3.589771972172994298e-03
1.300512159999999973e-01 3.594358812710965120e-03
1.302308120000000013e-01 3.619416256641594561e-03
1.304104369999999902e-01 3.609500412750907966e-03
1.305900509999999848e-01 3.614299207230127226e-03
1.307696570000000114e-01 3.636084525757783160e-03
1.309492720000000054e-01 3.668779880839691601e-03
1.311288770000000048e-01 3.669366160639974707e-03
1.313085019999999936e-01 3.668303924427010129e-03
1.314880979999999977e-01 3.672174257446021370e-03
1.316677029999999970e-01 3.720780835633399203e-03
1.318473279999999859e-01 3.708123742833319830e-03
1.320269239999999900e-01 3.668896949150440585e-03
1.322065480000000071e-01 3.624377832905624052e-03
1.323861630000000011e-01 3.607485422369676245e-03
1.325657680000000005e-01 3.566503407319622423e-03
1.327453829999999946e-01 3.456245736692667089e-03
1.329249889999999934e-01 3.336257548323270927e-03
1.331045939999999927e-01 3.224687865977739556e-03
1.332842090000000146e-01 3.158494713159964214e-03
1.334638150000000134e-01 3.127214543305581636e-03
1.336434390000000028e-01 3.071810097530985363e-03
1.338230350000000068e-01 3.050936203683782700e-03
1.340026589999999962e-01 3.058980092258966731e-03
1.341822739999999903e-01 3.067824711183528980e-03
1.343618799999999891e-01 3.124030436178976480e-03
1.345414950000000109e-01 3.131073329128718479e-03
1.347211000000000103e-01 3.133426890607128330e-03
1.349007059999999814e-01 3.138737287940529010e-03
1.350803210000000032e-01 3.128001963758610289e-03
1.352599260000000025e-01 3.145035774337535516e-03
1.354395509999999914e-01 3.130835587479916492e-03
1.356191469999999955e-01 3.157278054048324751e-03
1.357987710000000126e-01 3.146086729594892942e-03
1.359783760000000119e-01 3.155224197420253632e-03
1.361579729999999877e-01 3.233691583655461978e-03
1.363375970000000048e-01 3.285049786961153316e-03
1.365172020000000042e-01 3.345758858453213788e-03
1.366968169999999982e-01 3.396626814301628976e-03
1.368764319999999923e-01 3.393050882778219333e-03
1.370560379999999912e-01 3.362362270378583921e-03
1.372356620000000083e-01 3.304214666391832970e-03
1.374152579999999846e-01 3.247821658802088531e-03
1.375948639999999834e-01 3.212216211655766207e-03
1.377744880000000005e-01 3.181080020602576695e-03
1.379540840000000046e-01 3.156261306830204089e-03
1.381337079999999939e-01 3.150681818534117884e-03
1.383133140000000205e-01 3.170938902816652916e-03
1.384929290000000146e-01 3.193529829945280542e-03
1.386725339999999862e-01 3.211577665180389250e-03
1.388521400000000128e-01 3.228110452006660580e-03
1.390317550000000069e-01 3.233365584901796031e-03
1.392113600000000062e-01 3.234851275616225982e-03
1.393909750000000003e-01 3.264473166709865037e-03
1.395705809999999991e-01 3.309541245718862837e-03
1.397501859999999985e-01 3.414870458509332903e-03
1.399298009999999926e-01 3.472716096455129731e-03
1.401094069999999914e-01 3.452829789422821524e-03
1.402890220000000132e-01 3.451146907814216149e-03
1.404686269999999848e-01 3.465204299916804440e-03
1.406482510000000019e-01 3.450690008303649182e-03
1.408278480000000055e-01 3.407532031725382313e-03
1.410074530000000048e-01 3.416209001458671637e-03
1.411870769999999942e-01 3.397154016985772483e-03
1.413666739999999977e-01 3.397878003237415553e-03
1.415462980000000148e-01 3.444245298408563777e-03
1.417259130000000089e-01 3.450020812747981586e-03
1.419055180000000083e-01 3.422003972138466799e-03
1.420851330000000023e-01 3.343302598752637134e-03
1.422647390000000012e-01 3.256507669991642526e-03
1.424443629999999905e-01 3.145862356460703106e-03
1.426239589999999946e-01 3.032644032155671493e-03
1.428035650000000212e-01 2.917508705381228768e-03
1.429831890000000105e-01 2.883557933248304724e-03
1.431627849999999869e-01 2.808666693967540578e-03
1.433424090000000040e-01 2.721418997669383926e-03
1.435220150000000028e-01 2.672011749946916811e-03
1.437016110000000069e-01 2.643171263689206470e-03
1.438812349999999962e-01 2.582449109589957017e-03
1.440608409999999950e-01 2.507282211936759809e-03
1.442404559999999891e-01 2.451712930411076730e-03
1.444200609999999885e-01 2.472688438453597877e-03
1.445996760000000103e-01 2.465617721529996149e-03
1.447792820000000091e-01 2.527079708300900788e-03
1.449588870000000085e-01 2.552348521977965481e-03
1.451385020000000026e-01 2.593957641402425563e-03
1.453181080000000014e-01 2.548727847218738071e-03
1.454977229999999955e-01 2.479766077419367359e-03
1.456773189999999996e-01 2.457333565916182752e-03
1.458569339999999936e-01 2.413031832439594196e-03
1.460365389999999930e-01 2.352853899229969369e-03
1.462161539999999871e-01 2.305169739649124208e-03
1.463957599999999859e-01 2.312072941588652619e-03
1.465753750000000077e-01 2.345658909534348475e-03
1.467549800000000071e-01 2.418715013145530338e-03
1.469345860000000059e-01 2.442351511828914912e-03
1.471142010000000000e-01 2.430616348556592903e-03
1.472938059999999993e-01 2.389026235695333733e-03
1.474734299999999887e-01 2.362319600233205464e-03
1.476530269999999923e-01 2.368229396756615316e-03
1.478326510000000094e-01 2.297743727897278571e-03
1.480122560000000087e-01 2.300624806173141076e-03
1.481918519999999850e-01 2.325837277650539148e-03
1.483714770000000016e-01 2.373379087769356133e-03
1.485510820000000010e-01 2.333597160253936612e-03
1.487306969999999950e-01 2.308825574182545286e-03
1.489103029999999939e-01 2.291834285276690697e-03
1.490899079999999932e-01 2.274391051725270507e-03
1.492695230000000151e-01 2.265465825336353874e-03
1.494491289999999861e-01 2.256632031218647628e-03
1.496287439999999802e-01 2.254371502304197174e-03
1.498083490000000073e-01 2.298604734967761229e-03
1.499879640000000014e-01 2.335407792662673628e-03
1.501675700000000002e-01 2.395699036191339688e-03
1.503471749999999996e-01 2.397445620642749652e-03
1.505267809999999984e-01 2.425058882010430305e-03
1.507063959999999925e-01 2.388131580247260764e-03
1.508860009999999918e-01 2.322065530109736382e-03
1.510656069999999906e-01 2.279462510177489992e-03
1.512452209999999853e-01 2.308751027899705495e-03
1.514248269999999841e-01 2.364453796390956521e-03
1.516044420000000059e-01 2.407717450465178370e-03
1.517840470000000053e-01 2.509008243810306217e-03
1.519636719999999941e-01 2.573490680919718505e-03
1.521432679999999982e-01 2.609468091076760487e-03
1.523228729999999975e-01 2.584155791978369476e-03
1.525024980000000141e-01 2.538773326267934789e-03
1.526820939999999904e-01 2.514593405755498074e-03
1.528616990000000175e-01 2.494728032750391684e-03
1.530413050000000164e-01 2.440880017485705464e-03
1.532209200000000104e-01 2.354750912080965514e-03
1.534005250000000098e-01 2.290920082307230151e-03
1.535801499999999986e-01 2.087809972431364965e-03
1.537597460000000027e-01 1.957686887856336343e-03
1.539393699999999920e-01 1.908609403331866300e-03
1.541189759999999909e-01 1.886418514326659119e-03
1.542985719999999950e-01 1.897455964423483497e-03
1.544781960000000121e-01 1.924160465936021816e-03
1.546578019999999831e-01 1.982355954557973778e-03
1.548373980000000150e-01 2.017898633328575955e-03
1.550170030000000143e-01 2.001548349736454336e-03
1.551966280000000031e-01 2.020301863010545793e-03
1.553762240000000072e-01 2.030124746338233307e-03
1.555558479999999966e-01 1.984893603833684170e-03
1.557354539999999954e-01 1.991520494826453345e-03
1.559150679999999900e-01 2.044954230863614119e-03
1.560946739999999888e-01 2.055994846419787348e-03
1.562742699999999929e-01 2.096160611191754883e-03
1.564538849999999870e-01 2.182489998585825704e-03
1.566334999999999811e-01 2.206903218934192033e-03
1.568130959999999852e-01 2.286293468610091709e-03
1.569927109999999792e-01 2.338895508305710580e-03
1.571723259999999733e-01 2.427764808073126432e-03
1.573519220000000052e-01 2.387023051955421572e-03
1.575315559999999893e-01 2.508189543854496672e-03
1.577111520000000211e-01 2.549320948987421082e-03
1.578907479999999974e-01 2.560210802777793289e-03
1.580703629999999915e-01 2.604412259097237982e-03
1.582499780000000134e-01 2.655051912966889006e-03
1.584295739999999897e-01 2.667076721321727604e-03
1.586092080000000015e-01 2.630522606704224341e-03
1.587888040000000056e-01 2.573926530433319482e-03
1.589683999999999819e-01 2.498375442851412821e-03
1.591480339999999938e-01 2.595204782316320492e-03
1.593276299999999979e-01 2.648739274142336651e-03
1.595072260000000020e-01 2.612836050127523551e-03
1.596868410000000238e-01 2.623535409980036655e-03
1.598664559999999901e-01 2.537266820715452023e-03
1.600460519999999942e-01 2.382387727339231945e-03
1.602256859999999783e-01 2.243683202343534511e-03
1.604052629999999924e-01 2.109980625143872447e-03
1.605848779999999865e-01 2.003922822230285155e-03
1.607644930000000083e-01 1.927760207710872741e-03
1.609441080000000024e-01 1.903421321728114828e-03
1.611237039999999787e-01 1.906130886676896639e-03
1.613033380000000183e-01 1.831757354724477052e-03
1.614829339999999946e-01 1.716707372558539182e-03
1.616625299999999710e-01 1.691433680090848653e-03
1.618421449999999928e-01 1.611802604746074685e-03
1.620217599999999869e-01 1.515251367366919014e-03
1.622013560000000187e-01 1.524979553177668260e-03
1.623809710000000128e-01 1.516044828720948881e-03
1.625605669999999892e-01 1.493471402593687025e-03
1.627401820000000110e-01 1.543106577198043736e-03
1.629197970000000051e-01 1.761821713918584192e-03
1.630993929999999814e-01 1.803979668005143647e-03
1.632790080000000033e-01 1.827745462738179566e-03
1.634586229999999973e-01 1.807592592860538449e-03
1.636382189999999737e-01 1.782919934401139793e-03
1.638178339999999955e-01 1.770140724032852244e-03
1.639974489999999896e-01 1.807710743763814559e-03
1.641770450000000214e-01 1.877294058038208192e-03
1.643566600000000155e-01 1.933272215491841370e-03
1.645362559999999919e-01 1.931993312876056131e-03
1.647158710000000137e-01 1.917553667645649279e-03
1.648954860000000078e-01 1.957505492484609960e-03
1.650751010000000019e-01 2.014798498851025528e-03
1.652546970000000059e-01 1.959099779379240569e-03
1.654343120000000000e-01 1.972801454305875626e-03
1.656139079999999764e-01 2.012265211112932318e-03
1.657935229999999982e-01 2.040544493643015392e-03
1.659731379999999923e-01 2.082025657735945938e-03
1.661527529999999864e-01 2.192334826116162233e-03
1.663323309999999999e-01 2.239221998905421493e-03
1.665119639999999845e-01 2.224832470733544097e-03
1.666915600000000164e-01 2.184251610914124744e-03
1.668711750000000105e-01 2.182731870077918388e-03
1.670507900000000046e-01 2.172122714588106424e-03
1.672303860000000086e-01 2.074045461587023000e-03
1.674099830000000122e-01 2.048115483690851352e-03
1.675896159999999968e-01 2.037660717573473897e-03
1.677692120000000009e-01 1.992733836604292791e-03
1.679488090000000045e-01 1.960593492761261106e-03
1.681284229999999713e-01 1.938631430606519096e-03
1.683080379999999932e-01 1.868229565649220502e-03
1.684876349999999967e-01 1.801296962303864171e-03
1.686672490000000191e-01 1.665558364694631841e-03
1.688468460000000226e-01 1.602268517853421177e-03
